-7.529548645019531 142.1908416748047 90.00000762939453
-7.529548645019531 142.1908416748047 90.00000762939453
-7.529543876647949 142.1908416748047 90.0
-7.529536724090576 142.19082641601562 90.0
-7.529531002044678 142.19082641601562 90.0
-7.5295257568359375 142.19082641601562 90.0
-7.5295233726501465 142.19082641601562 90.0
-7.529520511627197 142.19082641601562 90.0
-7.529518127441406 142.19082641601562 90.0
-7.529516220092773 142.19082641601562 90.0
-7.529515743255615 142.19082641601562 90.0
-7.529515266418457 142.19081115722656 90.0
-7.529514789581299 142.19081115722656 90.0
-7.529513835906982 142.19081115722656 90.0
-7.529513835906982 142.19081115722656 90.0
-7.528852939605713 142.20176696777344 89.96572875976562
-7.526435375213623 142.22828674316406 89.84677124023438
-7.52530574798584 142.25791931152344 89.82831573486328
-7.522459506988525 142.2959747314453 89.69489288330078
-7.521914005279541 142.33653259277344 89.6539306640625
-7.523022174835205 142.3756561279297 89.74775695800781
-7.525895595550537 142.4213104248047 89.76817321777344
-7.522441387176514 142.47279357910156 89.62431335449219
-7.514615535736084 142.52639770507812 89.2612075805664
-7.512214660644531 142.58255004882812 89.17802429199219
-7.506019115447998 142.64251708984375 89.07367706298828
-7.4929633140563965 142.70291137695312 88.58363342285156
-7.4842448234558105 142.77354431152344 88.37271118164062
-7.475876808166504 142.8437042236328 88.12884521484375
-7.466232776641846 142.9147186279297 87.83055114746094
-7.451727867126465 142.9857635498047 87.30329132080078
-7.430487632751465 143.0565185546875 86.57955169677734
-7.408122539520264 143.1305389404297 85.9547348022461
-7.3919358253479 143.2162628173828 85.57315063476562
-7.370664119720459 143.30662536621094 85.00382232666016
-7.345944881439209 143.3964080810547 84.3547134399414
-7.321874141693115 143.4919891357422 83.77635192871094
-7.290160179138184 143.58889770507812 82.93455505371094
-7.258716106414795 143.68682861328125 82.17184448242188
-7.221994876861572 143.7777557373047 81.21794128417969
-7.181395530700684 143.8623046875 80.1353530883789
-7.144204139709473 143.94345092773438 79.24156951904297
-7.106087684631348 144.02125549316406 78.3453598022461
-7.0668463706970215 144.0989532470703 77.44706726074219
-7.031990051269531 144.18443298339844 76.88623046875
-6.991207122802734 144.2728271484375 76.09481048583984
-6.955625057220459 144.36961364746094 75.68182373046875
-6.915637493133545 144.4661102294922 75.09185028076172
-6.885791301727295 144.55966186523438 74.95433807373047
-6.855793476104736 144.64608764648438 74.67090606689453
-6.832094669342041 144.7286834716797 74.6502914428711
-6.810521125793457 144.8131866455078 74.7237319946289
-6.792901039123535 144.90304565429688 74.99195861816406
-6.775932312011719 144.99473571777344 75.29280853271484
-6.753611087799072 145.0904083251953 75.3773422241211
-6.7241644859313965 145.18966674804688 75.24461364746094
-6.686244964599609 145.29002380371094 74.8046646118164
-6.65380859375 145.38783264160156 74.59583282470703
-6.629471302032471 145.48388671875 74.68267059326172
-6.611899375915527 145.5758514404297 74.97037506103516
-6.59207010269165 145.66685485839844 75.14094543457031
-6.573888778686523 145.75592041015625 75.33796691894531
-6.544876575469971 145.84410095214844 75.10801696777344
-6.516181468963623 145.93496704101562 74.93840789794922
-6.479145526885986 146.02914428710938 74.48077392578125
-6.430486679077148 146.11480712890625 73.50932312011719
-6.3846564292907715 146.20327758789062 72.79508972167969
-6.351937294006348 146.29721069335938 72.67353057861328
-6.314401149749756 146.3889617919922 72.33475494384766
-6.267613887786865 146.4696044921875 71.49213409423828
-6.2147369384765625 146.5384063720703 70.3633041381836
-6.163494110107422 146.609130859375 69.424072265625
-6.120959758758545 146.6904754638672 69.0055923461914
-6.0780463218688965 146.77972412109375 68.67537689208984
-6.022261619567871 146.86358642578125 67.80488586425781
-5.971458435058594 146.9528350830078 67.29730224609375
-5.940914154052734 147.0497589111328 67.70518493652344
-5.923271179199219 147.14193725585938 68.48016357421875
-5.907912254333496 147.22686767578125 69.14846801757812
-5.893990516662598 147.309326171875 69.78092193603516
-5.881997108459473 147.39239501953125 70.46178436279297
-5.869329929351807 147.47682189941406 71.1206283569336
-5.846096515655518 147.565673828125 71.36675262451172
-5.826191425323486 147.65707397460938 71.76163482666016
-5.816195964813232 147.75013732910156 72.56243133544922
-5.810935020446777 147.8484344482422 73.52650451660156
-5.793703079223633 147.9501953125 73.98139953613281
-5.777804374694824 148.05352783203125 74.49284362792969
-5.76758337020874 148.15280151367188 75.15137481689453
-5.761056423187256 148.2499237060547 75.88725280761719
-5.759768486022949 148.34384155273438 76.7449722290039
-5.747421741485596 148.43238830566406 77.07730102539062
-5.725702285766602 148.5147705078125 76.95313262939453
-5.711491584777832 148.59811401367188 77.18046569824219
-5.707635879516602 148.68299865722656 77.8237533569336
-5.693539142608643 148.7709197998047 77.9874038696289
-5.680654048919678 148.86094665527344 78.23809051513672
-5.677281856536865 148.95591735839844 78.88600158691406
-5.674858093261719 149.0546875 79.53175354003906
-5.665451526641846 149.1551971435547 79.87647247314453
-5.662546634674072 149.2572479248047 80.49165344238281
-5.66444206237793 149.36135864257812 81.26072692871094
-5.664961814880371 149.46707153320312 81.92233276367188
-5.670264720916748 149.56747436523438 82.68109893798828
-5.668309211730957 149.6630859375 83.05548858642578
-5.671951770782471 149.75160217285156 83.61890411376953
-5.67845344543457 149.84054565429688 84.25208282470703
-5.685462474822998 149.93121337890625 84.86357116699219
-5.694904804229736 150.0214385986328 85.5535888671875
-5.701053142547607 150.11312866210938 86.06060791015625
-5.705488204956055 150.20706176757812 86.49437713623047
-5.714534759521484 150.30398559570312 87.08885955810547
-5.726277828216553 150.40635681152344 87.77973937988281
-5.739554405212402 150.51275634765625 88.45751953125
-5.753816604614258 150.62014770507812 89.13224029541016
-5.770843505859375 150.7247772216797 89.86418914794922
-5.784177780151367 150.82472229003906 90.41307067871094
-5.80197811126709 150.9183349609375 91.1171875
-5.821322441101074 151.00547790527344 91.83189392089844
-5.83440637588501 151.09933471679688 92.21431732177734
-5.853559970855713 151.19471740722656 92.8449478149414
-5.872910022735596 151.29415893554688 93.41793823242188
-5.900134086608887 151.39479064941406 94.26925659179688
-5.927270412445068 151.49539184570312 95.03954315185547
-5.954858779907227 151.59234619140625 95.777587890625
-5.976586818695068 151.68820190429688 96.23709869384766
-6.004504203796387 151.781005859375 96.95310974121094
-6.036631107330322 151.86997985839844 97.76882934570312
-6.068174839019775 151.96298217773438 98.48737335205078
-6.099062442779541 152.05538940429688 99.14413452148438
-6.133270740509033 152.1527099609375 99.85391998291016
-6.170040130615234 152.24960327148438 100.61799621582031
-6.2101054191589355 152.3450927734375 101.47638702392578
-6.239618301391602 152.43856811523438 101.87171173095703
-6.269529342651367 152.5265655517578 102.2848129272461
-6.29319953918457 152.614990234375 102.43614196777344
-6.320594787597656 152.70347595214844 102.72734069824219
-6.352471351623535 152.79129028320312 103.22622680664062
-6.382927894592285 152.88327026367188 103.55042266845703
-6.416738510131836 152.97952270507812 103.9452896118164
-6.4466447830200195 153.08303833007812 104.07148742675781
-6.4716033935546875 153.19454956054688 103.91754913330078
-6.497105121612549 153.30088806152344 103.89196014404297
-6.524969100952148 153.3985137939453 104.06329345703125
-6.551823139190674 153.48867797851562 104.21031951904297
-6.576369285583496 153.57321166992188 104.33948516845703
-6.601869583129883 153.66299438476562 104.46156311035156
-6.634562969207764 153.75938415527344 104.77778625488281
-6.667455196380615 153.85926818847656 105.0373306274414
-6.701440811157227 153.9627227783203 105.28752899169922
-6.732211112976074 154.06320190429688 105.4076919555664
-6.765453815460205 154.15673828125 105.71788024902344
-6.79891300201416 154.24658203125 106.0199966430664
-6.830556869506836 154.33314514160156 106.30017852783203
-6.857913017272949 154.42349243164062 106.36164093017578
-6.885152339935303 154.51751708984375 106.33335876464844
-6.920957088470459 154.6101837158203 106.67213439941406
-6.948488235473633 154.7064208984375 106.62281036376953
-6.980940818786621 154.7984161376953 106.84346008300781
-7.015047073364258 154.88748168945312 107.1087417602539
-7.053802967071533 154.97109985351562 107.62169647216797
-7.084311485290527 155.0584716796875 107.69280242919922
-7.112273216247559 155.15121459960938 107.64286041259766
-7.144311485290527 155.1584716796875 106.69280242919922
-7.172273216247559 155.16121459960938 105.64286041259766
-7.209548645019531 155.1908416748047 104.00000762939453
-7.239548645019531 155.2008416748047 103.00000762939453
-7.279543876647949 155.3008416748047 102.0
-7.289536724090576 155.40082641601562 101.0
-7.339531002044678 155.60082641601562 99.0
-7.3795257568359375 155.78082641601562 98.0
-7.4195233726501465 155.85082641601562 97.0
-7.449520511627197 155.93082641601562 96.0
-7.479518127441406 156.01082641601562 90.0
-7.509516220092773 156.19082641601562 90.0
-7.529515743255615 156.19082641601562 90.0
-7.529515266418457 156.19081115722656 90.0
-7.529514789581299 156.19081115722656 90.0
-7.529513835906982 156.19081115722656 90.0
-7.529513835906982 156.19081115722656 90.0
-7.528852939605713 156.20176696777344 89.96572875976562
-7.526435375213623 156.22828674316406 89.84677124023438
-7.52530574798584 156.25791931152344 89.82831573486328
-7.522459506988525 156.2959747314453 89.69489288330078
-7.521914005279541 156.33653259277344 89.6539306640625
-7.523022174835205 156.3756561279297 89.74775695800781
-7.525895595550537 156.4213104248047 89.76817321777344
-7.522441387176514 156.47279357910156 89.62431335449219
-7.514615535736084 156.52639770507812 89.2612075805664
-7.512214660644531 156.58255004882812 89.17802429199219
-7.506019115447998 156.64251708984375 89.07367706298828
-7.4929633140563965 156.70291137695312 88.58363342285156
-7.4842448234558105 156.77354431152344 88.37271118164062
-7.475876808166504 156.8437042236328 88.12884521484375
-7.466232776641846 156.9147186279297 87.83055114746094
-7.451727867126465 156.9857635498047 87.30329132080078
-7.430487632751465 157.0565185546875 86.57955169677734
-7.408122539520264 157.1305389404297 85.9547348022461
-7.3919358253479 157.2162628173828 85.57315063476562
-7.370664119720459 157.30662536621094 85.00382232666016
-7.345944881439209 157.3964080810547 84.3547134399414
-7.321874141693115 157.4919891357422 83.77635192871094
-7.290160179138184 157.58889770507812 82.93455505371094
-7.258716106414795 157.68682861328125 82.17184448242188
-7.221994876861572 157.7777557373047 81.21794128417969
-7.181395530700684 157.8623046875 80.1353530883789
-7.144204139709473 157.94345092773438 79.24156951904297
-7.106087684631348 158.02125549316406 78.3453598022461
-7.0668463706970215 158.0989532470703 77.44706726074219
-7.031990051269531 158.18443298339844 76.88623046875
-6.991207122802734 158.2728271484375 76.09481048583984
-6.955625057220459 158.36961364746094 75.68182373046875
-6.915637493133545 158.4661102294922 75.09185028076172
-6.885791301727295 158.55966186523438 74.95433807373047
-6.855793476104736 158.64608764648438 74.67090606689453
-6.832094669342041 158.7286834716797 74.6502914428711
-6.810521125793457 158.8131866455078 74.7237319946289
-6.792901039123535 158.90304565429688 74.99195861816406
-6.775932312011719 158.99473571777344 75.29280853271484
-6.753611087799072 159.0904083251953 75.3773422241211
-6.7241644859313965 159.18966674804688 75.24461364746094
-6.686244964599609 159.29002380371094 74.8046646118164
-6.65380859375 159.38783264160156 74.59583282470703
-6.629471302032471 159.48388671875 74.68267059326172
-6.611899375915527 159.5758514404297 74.97037506103516
-6.59207010269165 159.66685485839844 75.14094543457031
-6.573888778686523 159.75592041015625 75.33796691894531
-6.544876575469971 159.84410095214844 75.10801696777344
-6.516181468963623 159.93496704101562 74.93840789794922
-6.479145526885986 160.02914428710938 74.48077392578125
-6.430486679077148 160.11480712890625 73.50932312011719
-6.3846564292907715 160.20327758789062 72.79508972167969
-6.351937294006348 160.29721069335938 72.67353057861328
-6.314401149749756 160.3889617919922 72.33475494384766
-6.267613887786865 160.4696044921875 71.49213409423828
-6.2147369384765625 160.5384063720703 70.3633041381836
-6.163494110107422 160.609130859375 69.424072265625
-6.120959758758545 160.6904754638672 69.0055923461914
-6.0780463218688965 160.77972412109375 68.67537689208984
-6.022261619567871 160.86358642578125 67.80488586425781
-5.971458435058594 160.9528350830078 67.29730224609375
-5.940914154052734 161.0497589111328 67.70518493652344
-5.923271179199219 161.14193725585938 68.48016357421875
-5.907912254333496 161.22686767578125 69.14846801757812
-5.893990516662598 161.309326171875 69.78092193603516
-5.881997108459473 161.39239501953125 70.46178436279297
-5.869329929351807 161.47682189941406 71.1206283569336
-5.846096515655518 161.565673828125 71.36675262451172
-5.826191425323486 161.65707397460938 71.76163482666016
-5.816195964813232 161.75013732910156 72.56243133544922
-5.810935020446777 161.8484344482422 73.52650451660156
-5.793703079223633 161.9501953125 73.98139953613281
-5.777804374694824 162.05352783203125 74.49284362792969
-5.76758337020874 162.15280151367188 75.15137481689453
-5.761056423187256 162.2499237060547 75.88725280761719
-5.759768486022949 162.34384155273438 76.7449722290039
-5.747421741485596 162.43238830566406 77.07730102539062
-5.725702285766602 162.5147705078125 76.95313262939453
-5.711491584777832 162.59811401367188 77.18046569824219
-5.707635879516602 162.68299865722656 77.8237533569336
-5.693539142608643 162.7709197998047 77.9874038696289
-5.680654048919678 162.86094665527344 78.23809051513672